0.34
0.0
0.78
0.0
0.03
0.0
0.0
0.0
0.0
0.0
0.43
0.0
0.60
0.0
0.0
0.0
0.35
0.55
0.0
0.0
0.0
0.30
0.0
0.0
0.04
0.0
0.34
0.0
0.0
0.68
0.0
0.0
0.43
0.0
0.37
0.0
0.59
0.19
0.0
0.97
0.34
0.0
0.15
0.0
0.0
0.0
0.26
0.0
0.0
0.13
0.22
0.0
0.0
0.0
0.32
0.0
0.40
0.0
0.20
0.0
0.69
0.57
0.0
0.03
0.05
0.0
0.0
0.38
0.21
0.0
0.71
0.85
0.0
0.59
0.0
0.25
0.0
0.59
0.0
0.0
0.06
0.0
0.06
0.0
0.0
0.90
0.31
0.0
0.70
0.20
0.0
0.52
0.0
0.85
0.0
0.67
0.57
0.0
0.03
0.0
0.0
0.0
0.0
0.0
0.0
0.0
0.0
0.0
0.0
0.0
0.0
0.0
0.0
0.0
0.0
0.0
0.0
0.0
0.0
0.0